0,0,175,233,106,60,60,467,497
0,0,177,523,105,60,60,465,496
0,0,179,234,105,60,60,467,496
0,0,-179,381,106,60,60,466,496
0,0,-177,240,104,60,60,468,495
2,1,-175,234,107,60,60,466,496
15,14,-171,113,74,60,60,466,497
27,24,-165,121,100,60,60,473,510
30,26,-158,202,82,60,60,466,496
30,27,-152,95,488,60,60,460,496
28,26,-147,88,104,60,60,466,497
28,27,-144,158,77,60,60,466,479
29,30,-143,87,124,60,60,466,496
29,30,-142,106,132,60,60,473,508
24,23,-140,115,75,60,60,466,496
29,27,-134,69,55,60,60,466,498
27,26,-131,60,66,60,60,466,496
30,28,-126,48,528,60,60,466,496
20,20,-124,40,208,60,60,464,513
3,3,-123,66,366,60,60,478,477
2,2,-121,67,110,60,60,465,496
17,18,-121,59,376,60,60,448,484
5,5,-120,56,200,60,60,475,510
1,1,-118,55,377,60,60,476,506
3,-2,-109,68,195,60,60,471,511
9,-6,-92,64,193,60,60,466,496
17,-15,-43,72,83,60,60,466,496
1,-2,-38,70,527,60,60,466,496
0,0,-37,69,86,60,60,466,496
3,3,-35,68,211,60,60,476,506
7,4,-32,76,528,60,60,466,496
22,18,-24,65,528,60,60,465,496
7,6,-21,63,139,60,60,467,495
0,0,-19,63,232,50,60,457,492
0,0,-18,63,528,60,60,466,496
-3,4,-23,59,77,60,60,466,496
-2,5,-34,51,528,48,60,466,496
0,1,-32,51,528,51,60,466,496
-10,10,-56,37,108,60,57,466,496
-8,10,-86,55,528,60,60,467,497
0,2,-86,37,263,60,60,466,513
0,0,-85,37,257,60,60,477,506
0,0,-83,37,153,60,60,456,496
0,0,-81,37,254,60,60,477,506
8,-3,-69,36,65,60,60,466,496
19,-16,-21,52,95,55,22,466,496
6,-19,15,75,80,58,60,466,496
3,-7,33,118,75,60,60,467,496
1,0,35,103,88,60,60,466,496
12,9,42,112,59,60,60,466,496
24,18,50,166,64,60,60,467,496
24,22,56,200,73,60,60,466,496
25,20,65,165,71,60,60,466,496
24,19,73,182,78,60,60,466,496
7,6,77,143,82,60,60,466,496
1,0,78,142,83,60,60,465,496
5,5,79,81,84,60,60,452,489
21,21,80,165,100,60,60,467,498
4,22,66,99,106,60,60,465,496
9,25,34,78,528,58,60,466,496
21,29,24,70,527,60,60,466,496
11,13,21,65,273,60,60,457,493
9,-8,46,61,115,60,60,475,481
3,-4,59,76,134,60,60,468,495
3,1,60,97,135,60,60,466,496
22,20,66,120,144,60,60,468,495
30,25,75,54,106,60,60,469,504
27,23,82,97,83,60,60,466,496
23,21,88,88,64,60,60,464,497
10,16,88,79,75,60,60,466,496
10,13,86,73,79,60,60,467,495
11,14,86,68,83,60,60,466,497
17,16,87,59,80,60,60,467,496
17,17,88,52,57,60,53,467,495
16,18,88,44,92,53,60,466,496
16,17,88,36,99,60,60,466,498
11,13,88,29,341,48,43,466,513
2,1,90,29,174,53,47,462,496
1,-1,93,29,68,40,42,466,496
1,0,96,30,68,45,44,465,496
0,0,98,30,68,49,45,466,497
0,0,99,30,68,47,45,466,497
2,1,101,29,69,40,40,466,496
15,15,104,22,77,33,36,467,496
20,13,113,12,88,15,19,466,496
15,7,129,10,70,9,17,465,496
3,-1,129,10,97,9,14,466,497
0,-2,131,10,93,9,16,467,496
1,-5,141,12,64,11,30,466,497
0,0,142,12,51,10,30,466,496
0,0,144,12,86,11,30,468,495
4,-6,161,16,32,14,54,466,497
4,-5,173,26,43,16,60,460,495
4,-5,-171,28,33,20,60,467,495
2,-3,-163,30,31,24,60,466,496
6,-6,-148,41,27,17,60,449,486
3,-5,-132,70,24,60,60,466,497
8,-4,-118,62,6,38,60,474,485
3,-2,-107,67,8,60,60,466,496
9,8,-104,73,10,60,60,466,496
21,19,-99,87,15,60,60,466,496
3,2,-97,85,17,60,60,465,497
0,0,-95,54,16,60,60,459,513
13,12,-91,264,30,60,60,484,505
19,16,-87,265,29,60,60,466,497
19,17,-81,107,34,60,60,466,496
20,19,-78,269,43,60,60,466,496
19,17,-75,109,47,60,60,465,496
18,18,-73,271,54,60,60,465,497
17,18,-71,110,61,60,60,466,496
16,17,-68,89,66,60,60,466,496
-2,14,-79,97,81,60,60,466,496
1,12,-94,162,68,60,60,465,496
9,13,-99,139,70,60,60,468,497
1,13,-108,219,73,60,60,466,496
7,14,-116,83,76,60,60,466,496
9,12,-119,124,83,60,60,466,496
9,12,-121,130,88,60,60,466,496
7,8,-123,113,50,60,60,466,497
7,2,-120,108,53,60,60,466,496
6,6,-117,105,97,60,60,467,496
5,6,-116,104,59,60,60,466,498
8,3,-113,103,61,60,60,488,503
11,6,-103,96,64,60,60,466,496
12,10,-98,94,69,60,60,466,497
15,14,-95,84,77,60,60,467,496
18,18,-93,78,85,60,60,466,497
19,18,-92,70,140,60,60,466,497
18,19,-90,88,104,60,60,466,496
19,19,-90,54,115,60,60,466,496
19,20,-90,43,115,60,60,466,496
23,22,-87,35,180,60,60,466,497
18,18,-85,81,188,60,60,466,497
3,4,-84,46,56,59,60,466,496
2,2,-84,45,101,60,60,465,496
5,5,-83,75,74,60,60,471,509
1,0,-80,45,240,60,60,465,496
6,-1,-70,81,67,60,60,470,510
11,-1,-51,47,63,60,60,466,496
13,-3,-25,41,88,60,60,465,496
6,-3,-9,41,87,60,60,467,495
4,-5,-2,41,81,60,60,466,496
12,-15,33,345,81,60,60,466,496
5,-1,45,183,46,60,60,465,496
11,10,46,138,74,60,60,465,497
-3,12,30,79,86,60,60,466,496
7,17,13,63,93,60,60,468,504
16,20,9,41,102,60,60,466,496
17,19,7,72,101,21,60,477,505
12,4,6,51,117,60,60,465,496
17,-1,32,126,56,60,60,453,491
5,-2,47,105,42,60,60,466,498
13,11,50,115,36,60,60,466,496
20,16,56,212,54,60,60,467,495
23,21,62,84,55,60,60,467,500
25,24,69,367,41,60,60,465,496
-2,20,51,104,89,60,60,471,478
17,25,39,109,172,60,60,467,495
0,18,26,79,121,60,60,457,492
0,3,22,79,153,60,60,467,496
-4,4,15,61,96,60,60,467,497
-10,11,-13,36,186,60,60,465,498
1,3,-19,41,59,60,60,466,497
15,16,-17,52,108,60,60,466,496
7,8,-16,56,150,28,60,464,512
0,0,-15,56,197,31,60,467,499
0,0,-13,57,151,34,60,471,509
0,0,-11,56,243,31,60,466,497
2,0,-9,56,96,39,60,468,494
10,-7,15,40,71,60,60,467,495
9,-8,43,50,154,58,60,465,498
4,-2,51,49,166,60,60,466,512
2,-1,60,111,104,60,60,466,496
14,12,63,65,156,50,60,475,506
24,21,69,101,58,60,60,466,496
26,24,74,102,50,60,60,466,496
28,26,79,56,47,60,60,466,496
28,25,85,102,50,60,60,465,496
18,15,90,94,71,60,60,466,496
1,3,92,93,70,60,60,466,496
-1,4,90,93,64,60,60,466,496
6,4,92,92,54,60,60,466,496
20,19,95,82,50,60,60,465,497
3,4,96,80,52,60,60,466,496
-1,1,96,80,67,60,60,466,497
-4,3,85,80,168,53,60,473,506
1,1,87,80,81,60,60,466,495
10,11,87,74,81,60,60,466,496
18,18,88,66,108,60,60,467,495
16,17,88,58,62,60,60,467,495
19,20,89,49,310,60,60,465,497
19,18,90,41,320,60,60,465,496
17,17,94,33,74,60,60,465,497
5,4,96,32,75,47,60,466,496
0,0,98,33,73,58,60,466,496
3,4,100,31,75,47,60,466,496
12,10,102,26,72,40,60,463,512
5,4,105,45,527,52,60,466,496
0,0,107,45,83,47,60,464,496
-2,2,107,66,76,49,60,466,496
-2,3,97,49,109,36,60,489,499
0,0,99,49,335,39,60,466,496
0,0,101,48,333,39,60,466,496
1,0,102,66,399,37,60,453,498
8,-5,124,44,101,54,60,465,497
2,-2,131,43,45,60,60,467,496
6,-8,154,68,38,60,60,466,497
3,-4,164,162,32,60,60,465,496
3,-5,-179,203,31,60,60,466,496
8,6,-176,148,30,60,60,466,496
9,7,-171,147,64,60,60,464,497
6,-9,-148,87,30,60,60,467,495
1,-4,-139,191,39,60,60,465,496
8,7,-135,149,28,60,60,467,495
16,15,-133,145,36,60,60,466,496
15,15,-130,161,37,60,60,466,496
6,16,-131,94,47,60,60,456,480
3,7,-137,122,38,60,60,466,496
1,2,-135,121,39,60,60,468,496
0,1,-133,122,39,60,60,465,496
4,4,-131,119,45,60,60,467,496
13,13,-130,81,46,60,60,466,501
15,16,-129,105,57,60,60,465,496
10,10,-128,101,60,60,60,467,496
0,1,-127,100,60,60,60,465,496
0,0,-125,101,60,60,60,473,508
0,0,-124,100,59,60,60,465,497
7,6,-122,97,61,60,60,468,509
17,17,-119,65,70,60,60,465,496
16,15,-116,81,78,60,60,468,505
16,15,-113,73,85,60,60,467,497
16,14,-109,66,95,60,60,470,506
13,13,-106,87,103,60,60,466,496
13,11,-104,55,81,60,60,466,496
11,12,-102,78,65,60,60,465,496
11,9,-99,45,71,60,60,467,496
11,12,-97,67,76,60,60,465,498
11,10,-95,63,81,60,60,466,498
11,11,-92,61,86,60,60,466,496
10,10,-90,54,94,60,60,466,496
9,8,-88,51,53,60,60,467,497
11,10,-85,56,72,60,60,466,496
10,10,-83,44,68,60,60,466,496
10,10,-80,40,112,60,60,466,496
10,9,-78,44,73,60,60,465,501
2,2,-78,47,118,60,60,466,496
-14,7,-102,43,234,60,60,468,497
-17,10,-144,64,136,60,60,467,513
-3,3,-152,89,298,60,60,457,492
5,4,-149,89,125,60,60,459,495
21,21,-147,78,301,60,60,470,512
17,17,-145,78,97,60,52,465,496
3,3,-144,76,100,60,60,466,496
1,1,-142,76,101,60,60,465,497
10,8,-140,72,329,60,60,464,496
15,14,-136,63,147,60,60,464,513
9,22,-133,53,120,60,60,465,496
-10,14,-140,85,133,60,60,477,506
-6,7,-138,89,374,60,60,466,496
-6,6,-137,80,528,60,60,466,496
11,12,-136,76,152,60,60,463,512
30,30,-136,84,404,60,60,464,496
31,32,-134,60,86,60,60,466,496
25,26,-135,43,56,60,60,465,496
4,4,-134,40,59,60,60,465,496
2,2,-133,92,62,60,60,466,496
11,12,-132,96,65,60,60,466,497
12,13,-132,52,70,60,60,465,501
13,14,-131,120,58,60,60,466,496
14,14,-131,212,67,60,60,466,496
15,14,-128,99,70,60,60,466,497
13,10,-122,57,78,60,60,465,496
14,10,-114,90,77,60,60,466,496
14,9,-107,65,68,60,60,466,496
14,10,-98,51,95,60,60,466,495
13,8,-88,59,95,60,58,467,495
11,6,-80,56,117,60,50,465,496
0,6,-77,55,101,60,52,466,496
-1,4,-80,64,102,60,51,467,496
3,10,-90,57,106,60,56,467,499
13,20,-100,78,62,60,60,466,497
20,24,-104,58,72,60,60,466,497
26,28,-105,46,83,60,58,466,496
0,22,-104,54,62,60,55,466,497
2,23,-117,75,76,60,60,466,496
18,22,-122,87,64,60,60,466,496
14,16,-124,82,70,60,60,465,496
3,3,-122,78,65,60,60,465,496
0,2,-122,72,63,60,60,465,497
0,11,-135,74,75,60,60,466,496
-1,10,-150,46,26,60,60,466,496
-1,7,-153,55,23,60,60,465,496
0,15,-174,48,22,60,60,467,496
0,21,156,43,28,57,57,467,496
0,24,123,89,51,60,56,466,496
-2,20,89,62,61,60,60,468,511
3,12,79,96,67,60,60,466,496
7,17,65,81,58,57,60,448,494
7,16,53,52,40,46,60,466,497
10,15,48,43,49,53,60,467,496
14,3,56,64,55,50,60,465,496
14,-3,83,85,60,59,60,453,488
18,12,94,89,86,60,60,466,496
22,21,95,58,57,60,60,466,496
24,23,98,83,73,60,60,468,497
24,24,100,72,53,60,60,466,496
20,19,103,60,63,60,60,466,497
25,19,107,50,53,60,60,464,496
23,3,135,48,51,60,60,465,496
28,23,144,83,46,60,60,466,496
30,15,152,97,34,60,60,466,497
28,2,-175,523,44,60,60,464,496
27,21,-162,65,55,60,60,466,496
28,26,-157,93,67,60,60,466,497
24,23,-155,84,42,60,60,466,496
19,21,-155,72,84,60,60,467,496
5,7,-155,112,59,60,60,466,513
-1,0,-154,79,59,60,60,466,496
-9,3,-169,115,71,50,60,466,497
-3,1,-176,87,90,40,60,466,496
15,17,-177,88,59,38,60,466,496
18,22,178,75,112,34,60,466,496
3,5,177,54,54,34,60,465,496
0,0,179,55,55,33,60,466,496
-4,2,175,523,43,31,60,465,496
-5,1,164,34,31,29,60,466,496
8,10,163,204,32,28,60,483,504
13,16,161,41,39,21,42,482,504
0,2,162,51,39,19,37,467,496
0,0,164,50,39,19,38,465,496
1,-1,167,58,40,19,41,466,496
0,-1,169,49,40,19,42,465,496
0,0,171,59,40,19,44,466,498
5,-6,-174,55,42,21,60,465,497
5,-8,-149,230,76,25,60,466,496
2,-2,-145,83,71,25,60,466,496
8,-8,-117,99,65,47,60,466,496
2,0,-119,96,65,43,60,465,496
13,14,-118,88,73,40,60,468,495
22,22,-117,105,84,39,60,465,496
22,24,-119,248,95,33,60,466,496
19,22,-122,61,107,28,60,465,496
6,8,-123,115,109,24,60,464,512
-2,0,-123,114,103,22,60,466,496
-9,6,-139,70,60,18,60,466,496
-5,5,-157,52,54,14,60,466,496
-1,0,-154,52,54,14,60,465,496
3,-5,-144,54,58,16,60,466,496
1,-1,-142,55,59,17,60,466,496
7,-6,-123,58,65,21,60,495,497
8,-11,-93,100,61,40,60,466,496
3,2,-90,94,66,43,60,467,496
8,10,-89,249,114,43,60,465,496
0,2,-92,94,111,36,60,466,497
0,0,-91,511,80,30,60,470,512
0,0,-89,97,111,33,60,466,496
0,0,-87,511,84,37,60,466,513
0,0,-86,509,111,36,60,466,496
12,13,-86,505,118,35,60,466,496
6,8,-87,107,122,32,60,467,496
7,7,-85,499,79,31,60,465,496
8,9,-84,107,84,30,60,466,496
3,2,-83,108,108,30,60,466,496
20,20,-81,483,95,28,60,466,496
20,23,-82,99,82,24,60,466,496
19,-1,-58,142,67,47,60,466,497
23,11,-39,95,196,60,60,467,495
15,14,-32,94,184,60,60,477,506
-10,11,-61,120,78,60,60,465,496
-3,5,-70,130,109,37,60,466,496
-15,12,-105,123,65,25,26,466,496
-10,6,-133,71,44,22,38,466,496
-2,2,-136,470,42,24,30,466,496
4,6,-137,45,44,19,27,466,497
3,4,-135,130,45,18,26,467,495
10,12,-137,32,50,11,11,465,497
0,2,-136,32,50,11,11,466,496
1,1,-134,32,51,12,11,465,496
0,0,-132,32,50,11,11,468,495
0,0,-130,32,50,12,12,466,496
0,0,-129,33,50,12,11,467,496
0,0,-127,32,50,12,12,467,496
0,0,-126,32,50,12,11,466,496
0,0,-124,32,50,12,11,468,496
4,-3,-115,38,51,11,13,466,496
12,-13,-75,120,68,14,60,484,505
4,-8,-56,124,112,20,60,466,496
2,0,-55,97,112,21,60,468,495
14,7,-49,100,117,20,60,466,496
8,-4,-25,339,40,34,60,466,496
6,8,-25,171,129,50,60,466,496
22,23,-24,340,52,60,60,466,496
22,24,-25,98,64,60,60,468,480
20,23,-28,167,74,60,60,466,496
22,28,-33,109,88,60,60,465,497
22,9,-35,74,54,46,60,466,496
11,-2,-14,358,88,60,60,466,496
1,-1,-12,183,87,60,60,467,496
13,15,-13,362,64,60,60,465,496
23,23,-12,120,74,60,60,465,496
27,28,-11,63,211,56,60,466,496
24,-2,1,188,52,60,60,466,496
26,10,29,90,45,60,60,468,497
21,15,41,56,48,60,60,466,496
-9,10,21,77,59,42,60,467,496
-9,9,-5,195,65,60,60,466,496
0,1,-7,118,228,60,60,469,504
-1,1,-6,118,228,60,60,465,496
0,0,-4,117,108,60,60,466,496
-5,4,-16,48,82,60,60,466,496
0,2,-19,97,113,60,60,466,496
0,0,-17,98,98,60,60,467,496
-2,1,-18,89,96,50,60,465,496
-5,4,-31,112,67,60,60,465,496
0,1,-31,112,67,60,60,467,497
7,8,-31,85,59,60,60,466,496
1,1,-30,54,57,60,60,465,497
0,0,-28,54,58,60,60,466,496
0,1,-27,36,73,60,60,465,496
2,2,-26,71,59,60,60,466,496
6,-4,-12,116,98,47,60,466,496
3,-4,1,90,93,50,60,467,497
2,-1,6,96,107,60,60,466,496
3,2,10,85,73,60,60,467,496
16,15,13,124,78,60,60,466,496
20,10,18,80,87,60,60,465,496
9,-4,35,301,46,60,60,466,497
4,4,36,249,90,60,60,467,496
20,19,39,73,55,60,60,467,496
22,22,42,87,66,60,60,467,496
19,19,43,49,83,60,60,466,497
22,22,44,72,85,60,60,466,496
7,7,45,66,91,60,60,466,496
0,0,47,66,91,60,60,466,496
0,2,47,66,88,60,60,466,496
-2,1,46,118,91,60,60,467,494
-3,5,33,67,90,60,60,465,496
2,2,34,65,88,60,60,467,496
9,11,33,62,98,60,60,468,495
15,17,31,70,103,60,60,465,498
16,1,46,97,63,60,60,467,496
12,8,53,226,76,60,60,466,496
3,2,55,101,93,60,60,465,498
4,5,57,223,74,60,60,466,497
16,14,61,108,67,60,60,467,496
15,15,64,76,54,60,60,466,496
15,13,66,118,89,60,60,466,497
16,17,68,100,74,60,60,466,496
5,15,64,123,64,60,60,466,496
11,15,59,117,91,60,60,466,496
12,17,54,89,75,60,60,465,496
14,4,55,81,81,60,60,467,496
15,13,62,70,91,60,60,465,496
15,12,66,118,122,60,60,466,498
11,10,70,109,108,60,60,467,496
-2,3,66,60,47,60,60,473,509
-6,5,52,55,63,60,60,466,497
-8,9,29,55,55,48,60,477,506
-12,10,0,44,40,34,60,467,496
-6,3,-14,80,39,60,60,468,496
0,0,-13,80,38,60,60,470,511
0,0,-12,80,38,60,60,467,497
0,0,-10,80,38,60,60,470,507
1,0,-7,79,38,60,60,466,497
0,-1,-3,69,37,48,60,466,499
6,-3,9,51,39,60,60,466,497
9,-8,37,65,46,42,60,466,496
2,-1,41,58,48,60,60,466,496
7,-5,61,56,77,60,60,465,496
3,-2,71,55,34,49,60,466,496
8,-3,84,143,104,60,60,465,496
19,2,113,111,47,60,60,466,496
20,12,127,89,46,60,60,466,496
6,13,133,75,53,60,60,469,505
-6,12,110,117,199,60,60,473,510
-2,3,103,122,41,60,60,468,496
6,5,105,84,44,60,60,466,496
13,15,105,76,83,60,60,466,496
18,20,103,103,53,60,60,473,509
20,22,101,92,61,60,60,466,496
20,22,100,82,72,60,60,466,513
19,21,100,73,39,60,60,465,497
16,16,101,66,45,60,60,466,497
17,16,103,58,53,60,60,466,496
14,17,104,51,528,60,60,466,495
-6,10,88,53,63,60,60,465,496
-15,8,56,98,44,60,60,466,496
-6,11,28,81,42,60,60,467,496
5,7,25,77,46,60,60,466,497
1,0,27,100,45,60,60,466,496
1,-1,33,192,45,60,60,466,496
5,4,35,522,47,60,60,467,496
19,18,39,66,56,60,60,466,496
16,14,43,70,48,60,60,466,496
19,16,49,117,73,60,60,469,496
18,17,53,195,57,60,60,466,497
4,12,50,350,58,60,39,466,496
1,11,36,105,61,60,60,466,497
10,12,33,66,87,60,60,466,496
14,16,33,60,84,39,60,466,497
17,10,35,70,89,48,60,466,497
18,-7,50,94,87,60,60,470,507
17,1,76,316,42,60,60,468,502
21,11,92,74,38,60,60,466,496
18,19,102,61,51,60,60,468,495
10,21,100,76,64,60,60,468,495
-2,21,77,282,147,60,60,468,495
14,21,65,91,69,60,60,466,497
23,25,64,76,135,60,60,466,496
25,25,64,114,94,60,60,477,508
26,25,66,83,194,60,60,466,496
25,24,69,108,104,60,60,477,505
24,24,72,94,68,60,60,465,497
23,23,74,83,140,60,60,477,480
22,21,77,73,99,60,60,466,496
21,19,80,64,162,60,60,473,507
19,19,83,73,41,60,60,466,496
19,18,85,45,173,60,60,467,510
17,16,87,102,105,60,60,467,496
16,16,89,114,108,60,60,469,504
14,14,91,87,81,60,60,467,496
14,14,93,102,80,60,60,466,496
14,14,94,86,88,60,60,466,497
13,13,96,89,86,60,60,466,496
13,12,98,83,141,60,60,466,496
9,9,100,98,108,60,60,466,496
9,9,103,69,70,60,60,466,496
13,11,105,92,73,60,60,465,496
13,13,108,60,83,60,60,466,500
14,13,110,80,74,60,60,467,496
13,12,113,46,86,60,60,466,496
7,12,113,40,86,60,60,469,497
-9,8,93,70,83,60,54,466,496
-4,3,82,76,49,60,60,466,496
-5,3,73,58,77,60,60,466,496
-4,2,65,82,44,60,60,466,496
4,3,66,56,36,60,60,467,495
12,13,69,59,63,60,60,466,496
13,13,69,55,42,60,60,473,509
17,18,70,55,53,60,60,466,496
10,11,70,41,61,60,60,452,488
2,-1,74,41,61,60,60,468,495
5,-4,90,57,76,60,60,474,499
0,-1,92,56,73,60,60,465,496
8,-2,109,56,96,60,60,465,496
0,0,111,56,87,60,60,466,498
14,11,117,63,77,60,60,466,496
18,0,138,66,64,25,60,466,496
18,8,155,40,56,60,60,466,497
-4,10,155,43,50,60,60,467,496
-2,2,153,42,58,60,60,466,496
-2,1,152,49,71,60,60,477,505
-3,3,143,55,61,60,60,466,496
2,2,145,53,79,60,60,468,516
13,13,146,57,70,60,60,467,496
16,17,146,104,100,60,45,466,496
18,20,145,127,85,60,60,466,496
17,18,145,63,74,60,60,461,497
21,22,144,81,264,60,60,466,496
19,22,143,102,81,60,60,466,496
19,14,141,84,72,44,60,466,497
16,5,151,91,55,60,60,467,496
14,11,159,91,76,60,60,467,496
14,12,164,106,49,60,60,466,496
11,-3,176,93,51,60,60,466,509
9,2,-175,93,47,60,60,466,496
6,2,-165,90,52,60,60,467,498
7,5,-163,83,32,60,60,466,496
9,8,-159,77,49,60,60,467,496
10,8,-154,79,32,60,60,466,496
2,8,-152,74,35,60,60,466,496
-6,8,-167,104,48,32,60,466,500
-11,10,163,102,26,60,60,465,498
-3,3,160,110,26,60,60,466,496
0,7,153,62,28,60,60,468,497
-1,6,148,66,30,60,60,466,497
0,0,150,66,30,60,60,466,496
0,0,151,66,30,60,60,467,496
0,0,153,66,30,60,60,466,496
0,0,155,66,30,60,60,466,496
0,0,156,66,30,60,60,466,496
0,0,158,67,30,60,60,466,496
11,7,164,49,33,60,60,467,496
12,-2,174,76,38,60,60,467,496
1,-1,177,93,39,60,60,465,496
4,-2,-170,74,41,60,60,465,497
1,1,-168,73,42,60,60,465,496
10,10,-166,63,44,60,60,469,496
17,15,-162,176,55,60,60,466,496
10,4,-159,179,61,60,60,466,496
1,0,-154,141,63,60,60,466,496
8,7,-152,94,64,60,60,466,498
17,15,-148,129,69,60,60,466,497
18,17,-144,113,48,60,60,465,496
20,19,-142,89,87,60,60,465,496
17,16,-140,92,61,60,60,466,496
14,13,-138,221,100,60,60,466,498
10,11,-136,86,69,60,60,466,496
14,13,-134,92,71,60,60,466,496
11,12,-132,88,77,60,60,466,496
-2,10,-144,85,116,60,60,467,496
9,16,-154,82,71,60,60,469,496
11,14,-157,73,75,60,60,466,496
-2,11,-169,53,77,60,60,465,497
-18,14,146,63,32,60,32,467,495
-6,5,128,39,32,60,60,467,496
14,11,135,35,37,60,60,466,496
21,18,140,41,47,60,60,467,496
2,2,143,39,49,60,60,465,497
0,0,144,39,48,58,60,466,496
0,0,146,39,48,60,60,466,496
-2,-2,147,32,46,60,60,463,490
1,-1,151,40,47,60,18,466,498
15,-16,-164,37,79,60,60,466,496
6,-12,-133,68,130,60,60,467,496
3,-3,-122,138,77,60,60,466,496
1,-1,-120,114,70,60,60,467,496
1,0,-118,138,85,60,60,466,496
12,12,-116,130,81,60,60,466,497
19,16,-111,174,76,60,60,477,502
17,16,-108,111,84,60,60,467,496
21,20,-104,156,65,60,60,467,496
22,20,-100,97,117,60,60,466,496
23,22,-97,133,55,60,60,466,498
24,23,-93,68,68,60,60,467,496
25,23,-89,110,61,60,60,467,498
24,22,-85,47,81,60,60,466,496
24,22,-81,57,59,60,60,466,496
20,19,-77,79,63,60,60,466,496
20,19,-74,71,61,60,60,466,496
11,14,-73,64,70,60,60,468,496
-10,12,-106,63,88,60,60,467,496
-2,2,-112,64,63,55,60,451,495
12,12,-111,59,84,60,60,466,497
24,26,-110,48,66,42,60,477,506
23,23,-109,37,90,47,52,466,496
7,6,-106,34,65,38,44,467,497
3,-2,-100,32,64,47,45,467,496
13,-12,-63,32,68,47,60,467,496
8,-11,-31,47,20,47,60,467,496
1,-3,-24,60,61,49,60,466,496
6,6,-23,63,21,47,60,466,496
17,14,-19,49,26,41,60,466,498
18,-1,5,53,26,53,60,468,497
6,3,11,81,27,54,60,466,496
11,8,17,77,32,46,60,466,496
16,13,24,71,39,60,60,467,496
13,12,28,67,45,60,60,466,496
16,14,31,101,53,54,60,472,510
16,16,32,100,61,60,60,465,496
17,18,34,117,69,60,60,466,496
18,18,35,90,79,60,60,464,496
20,20,36,82,84,44,60,457,491
20,21,36,97,86,60,60,466,498
19,20,37,49,104,60,60,470,506
20,21,37,39,114,60,60,466,496
21,21,38,90,52,60,60,467,496
18,20,38,94,64,60,60,467,496
18,18,38,89,57,60,60,467,496
14,15,39,104,64,60,60,465,497
2,2,40,87,64,60,60,466,496
0,0,41,86,65,60,60,467,495
3,4,42,84,157,60,60,466,496
13,14,41,85,74,60,60,467,496
27,24,47,102,84,60,60,473,511
28,21,58,76,101,60,60,467,496
12,12,59,101,55,60,60,467,496
1,0,60,101,55,60,60,466,496
2,-4,70,105,55,60,60,469,497
0,-1,72,64,63,60,60,466,496
0,0,74,104,63,60,60,466,498
0,-4,82,114,62,60,60,466,496
1,-11,98,85,34,60,60,466,496
0,-7,111,91,25,60,60,466,496
0,-4,119,82,19,60,60,466,496
0,-7,130,81,17,60,60,466,497
0,0,135,76,13,60,60,482,505
5,11,126,81,21,60,60,466,496
21,22,127,74,29,60,60,466,496
24,3,136,60,35,60,60,467,498
2,-2,139,60,34,60,60,466,496
2,4,140,59,35,60,60,466,496
16,18,138,57,46,60,60,466,496
18,2,155,46,45,60,60,466,496
21,-18,-147,56,72,60,18,466,496
6,-10,-119,80,88,60,60,466,497
1,-2,-116,79,87,60,60,465,496
5,4,-113,78,89,60,60,466,496
18,15,-108,94,98,60,60,466,497
24,21,-101,101,66,60,60,467,496
25,22,-94,83,54,60,60,466,496
25,21,-88,191,40,60,60,470,513
19,17,-83,177,54,60,60,465,496
14,12,-79,77,88,60,60,467,497
3,3,-78,74,103,60,60,467,498
5,5,-77,73,110,60,60,466,496
19,20,-76,112,106,60,60,466,496
25,26,-76,94,54,60,60,467,495
26,28,-75,85,67,60,60,466,497
15,25,-77,74,40,60,60,467,496
5,14,-92,91,56,60,60,466,496
13,17,-96,125,60,60,60,466,496
19,10,-93,89,95,60,60,466,496
20,1,-64,100,59,60,60,466,497
14,13,-59,92,67,60,60,466,496
21,18,-53,81,76,60,60,467,496
5,22,-76,82,84,60,60,466,496
18,24,-83,70,88,60,60,466,497
20,23,-86,81,86,60,60,466,496
5,6,-86,79,98,60,60,466,496
4,-3,-77,58,102,60,60,468,496
9,-8,-51,97,72,60,60,465,496
3,-2,-35,60,67,60,60,466,496
-10,8,-61,59,95,60,60,466,496
-2,1,-63,59,103,60,60,468,495
0,0,-61,59,102,60,60,466,496
6,5,-60,56,114,60,60,468,497
21,24,-61,60,82,60,60,468,496
26,27,-62,42,76,60,60,467,512
26,3,-43,64,94,60,60,467,496
19,9,-25,86,64,60,58,467,497
23,19,-18,63,75,60,49,467,498
19,18,-15,65,84,60,42,467,496
6,11,-18,64,88,60,42,466,496
-7,2,-33,115,83,60,60,466,496
5,7,-33,56,92,60,60,466,496
14,14,-31,74,100,60,60,467,496
15,15,-30,52,36,60,54,464,496
13,12,-28,61,110,60,60,466,496
15,16,-26,118,103,60,60,466,497
13,11,-24,98,122,60,60,466,496
12,-9,6,96,39,60,35,471,508
0,-6,16,103,125,60,33,465,497
4,2,19,46,127,60,32,466,496
12,13,19,38,45,60,28,466,496
9,11,18,94,51,60,25,466,496
3,-6,31,74,56,60,22,467,496
0,-2,35,96,45,60,21,467,496
6,6,39,63,49,60,19,466,496
12,11,42,53,35,60,12,466,496
2,0,43,37,40,60,13,466,496
0,0,44,37,39,60,13,467,496
0,0,46,37,39,60,13,466,496
0,0,47,37,39,60,13,466,501
-4,-4,49,32,39,60,13,466,497
-8,-6,49,23,53,60,19,465,496
-8,1,39,33,51,60,22,466,497
-9,2,26,111,51,60,31,467,496
-4,1,22,85,99,60,31,449,486
-5,1,16,85,129,60,44,466,496
7,6,19,126,79,60,41,466,496
15,14,22,58,134,60,36,466,496
12,13,23,56,96,60,35,466,498
9,10,24,92,102,60,35,466,496
9,9,25,102,92,60,34,467,495
0,7,20,94,92,60,40,470,511
-4,1,16,86,82,60,46,466,496
3,4,17,99,65,60,43,466,496
13,12,19,288,64,60,44,469,514
11,11,21,89,68,60,56,467,496
14,14,22,91,76,60,60,467,498
13,12,25,127,84,60,52,465,496
15,15,29,118,70,60,47,468,504
11,10,31,116,76,60,42,477,504
14,13,34,88,102,60,39,466,496
6,9,34,102,103,60,48,476,508
-16,9,2,81,35,60,60,465,497
-5,5,-6,55,16,60,60,465,496
13,11,-3,41,88,60,60,465,496
6,6,-1,55,22,60,60,484,501
12,9,0,523,44,60,60,466,496
18,17,5,62,57,60,60,466,497
3,2,7,76,41,60,60,466,497
1,-8,20,61,56,60,60,467,496
2,-11,43,118,112,60,60,467,512
2,-3,46,103,105,60,60,466,499
1,0,48,78,68,60,60,467,496
2,2,51,105,64,60,60,466,496
14,12,54,60,75,60,60,466,499
19,13,61,82,82,60,60,466,496
9,-12,95,68,40,60,55,496,499
2,-5,102,47,33,60,39,465,496
6,5,104,53,32,60,33,466,496
12,13,106,36,66,60,33,466,497
1,0,107,62,47,60,33,466,496
10,10,106,43,68,60,28,466,496
7,10,105,44,35,60,26,468,476
-4,0,103,113,41,60,27,467,496
-5,1,96,101,41,60,38,466,496
5,5,98,210,76,60,31,466,497
11,14,96,69,59,60,30,467,496
-5,2,88,67,92,60,48,467,496
-2,3,85,97,87,60,46,466,496
15,16,85,79,96,60,50,466,498
12,12,85,189,72,60,60,466,497
10,-12,113,63,64,60,42,467,496
12,-25,169,21,49,49,18,469,495
3,-10,-167,23,37,26,26,466,497
0,-1,-167,23,95,25,29,468,496
0,0,-165,23,45,25,26,466,497
-10,3,176,22,259,27,21,453,481
-7,4,165,27,99,60,26,467,496
-14,11,127,84,82,60,24,466,496
-6,1,117,71,83,60,54,466,499
3,2,117,65,58,60,54,467,495
13,15,115,189,65,60,48,466,496
15,17,115,110,69,60,45,467,496
17,18,116,125,76,60,45,467,495
18,17,117,110,77,60,43,466,496
-4,10,106,111,123,60,60,466,496
2,2,106,55,110,60,60,466,497
13,13,109,102,82,60,60,466,496
19,19,110,110,62,60,58,467,496
7,7,112,138,77,60,60,467,496
9,-11,138,91,47,60,14,466,496
11,-23,-167,22,76,17,11,466,496
1,-6,-153,23,40,42,20,467,496
0,0,-151,22,76,40,20,467,496
7,8,-150,20,71,37,16,469,496
5,5,-150,18,33,32,14,466,498
2,2,-149,18,77,30,14,466,498
5,8,-150,15,79,26,17,467,496
0,1,-149,15,88,27,17,465,496
0,0,-147,15,48,27,17,466,496
-3,2,-152,14,42,33,17,467,496
-4,1,-153,18,28,36,19,467,496
0,0,-152,18,28,44,19,466,496
-3,2,-155,45,28,60,17,466,496
-18,10,164,89,94,60,25,466,496
-6,2,154,100,107,60,37,466,496
-2,1,155,114,106,60,34,466,498
2,3,155,97,107,60,37,466,496
5,9,151,96,83,60,36,455,491
-6,3,144,99,97,60,60,467,496
-16,8,109,201,16,60,60,466,496
1,2,109,190,17,60,60,466,496
2,1,110,53,18,60,60,467,496
11,10,114,76,98,60,60,467,498
19,17,118,133,78,60,60,468,496
0,12,106,70,81,60,60,466,496
-1,4,106,71,86,60,60,466,496
-2,2,99,56,20,60,60,466,496
-5,6,88,58,16,60,60,466,496
-1,5,78,78,18,60,60,466,496
16,15,81,50,23,60,60,466,496
9,10,83,43,27,60,60,466,496
1,1,84,43,28,60,60,466,496
0,0,86,43,27,60,60,493,497
0,0,88,43,28,60,60,466,496
0,0,89,43,28,60,60,466,496
0,0,91,43,31,60,60,468,495
-5,-6,93,46,25,60,60,466,496
3,-5,100,48,26,60,60,467,496
13,-10,138,37,85,60,60,466,497
5,-7,152,128,76,60,60,473,507
7,-11,-174,84,57,60,34,467,499
10,3,-164,119,50,60,60,468,495
20,16,-155,101,70,60,58,467,496
-7,14,-175,105,70,60,60,466,496
6,18,161,112,76,60,60,467,496
15,-5,177,63,107,60,60,466,496
10,1,-159,102,39,60,60,467,496
3,3,-157,103,39,60,60,467,496
15,14,-155,96,77,60,60,466,496
19,17,-150,86,57,60,60,467,496
26,24,-145,76,76,60,39,465,498
19,17,-141,66,78,60,59,467,496
3,1,-139,69,57,60,60,466,496
10,-15,-103,76,28,60,27,466,499
3,-6,-85,40,37,60,28,466,496
8,5,-82,32,37,60,24,472,510
16,15,-79,27,80,60,18,468,495
5,4,-77,26,68,60,15,466,498
0,2,-76,27,95,60,14,466,496
15,15,-75,20,29,18,19,468,495
6,7,-74,20,49,34,15,467,495
1,1,-72,41,46,32,16,465,497
-1,0,-73,57,42,58,16,466,496
-1,1,-71,41,41,40,17,472,509
-12,8,-95,92,50,28,20,466,496
-11,4,-118,53,60,59,35,466,496
-3,1,-120,63,115,60,33,467,496
-3,1,-123,63,87,60,42,488,503
6,7,-120,61,117,60,34,466,496
13,15,-119,53,399,29,54,466,496
-12,10,-150,56,71,60,60,466,497
4,10,-159,82,70,60,60,466,497
21,22,-159,65,73,60,60,466,497
11,22,-165,62,31,60,53,469,506
-9,11,166,126,19,60,60,466,496
-1,1,166,136,18,60,60,467,496
-3,3,163,111,18,60,60,466,496
-2,2,159,125,19,60,60,467,496
16,14,163,135,26,60,60,483,505
26,25,167,97,36,60,56,467,496
18,17,168,95,41,60,60,466,496
20,19,172,130,51,60,60,467,495
28,25,177,77,63,60,60,465,496
17,18,-179,93,73,60,60,466,497
1,1,-179,95,73,60,54,468,497
4,-3,-173,67,75,60,41,466,496
8,-13,-138,45,67,60,31,468,495
2,-2,-136,35,68,60,35,467,496
2,-4,-127,48,85,60,37,471,507
5,-5,-123,48,65,60,42,466,496
2,-3,-118,31,122,60,43,461,496
3,-6,-105,33,105,60,41,466,496
2,-4,-100,32,70,60,60,467,496
0,0,-98,33,70,60,60,466,496
0,0,-96,32,70,60,60,466,496
-2,2,-101,32,84,60,41,467,496
-1,3,-104,32,65,60,46,466,496
-2,2,-104,32,48,60,51,466,496
-5,7,-122,51,68,60,42,467,496
-8,5,-138,62,73,60,48,466,496
1,2,-136,62,73,60,47,466,498
13,14,-136,71,80,60,44,466,496
20,19,-134,94,84,60,38,466,496
8,9,-132,45,93,60,32,466,496
2,3,-132,56,96,60,33,470,506
0,1,-133,68,94,60,32,476,511
-4,6,-142,86,82,60,41,468,495
-5,10,-156,85,77,60,60,471,508
-1,9,-167,78,84,60,60,468,496
-10,17,159,84,18,60,60,466,496
-7,10,134,85,10,60,60,466,496
-2,9,119,68,12,60,60,466,496
-2,2,121,62,13,60,60,466,496
4,3,123,67,14,60,60,466,496
17,16,127,82,22,60,60,466,496
11,10,129,80,27,60,60,466,496
2,5,127,416,29,60,60,467,496
17,17,129,67,36,60,60,466,496
22,23,130,55,48,60,60,464,496
7,7,131,36,51,60,60,466,496
0,3,134,38,50,60,60,466,496
2,-1,138,51,50,60,60,466,496
13,-8,168,64,67,60,60,466,496
20,-16,-139,65,97,60,60,467,499
16,-18,-80,100,42,60,22,469,495
6,4,-74,69,59,60,60,466,497
22,18,-68,60,63,60,60,467,496
13,11,-63,56,56,60,60,465,495
1,1,-61,55,65,60,60,466,498
0,0,-60,55,66,60,60,466,496
7,7,-58,58,53,60,60,466,496
24,22,-53,47,61,60,52,467,497
24,22,-49,33,62,60,40,466,496
20,19,-46,22,64,60,23,467,497
1,8,-53,21,65,44,21,466,496
-2,1,-58,26,101,60,22,466,496
-8,6,-75,57,126,60,26,467,496
-3,4,-82,50,104,60,31,467,496
4,4,-80,50,107,60,31,466,496
8,8,-77,45,133,60,27,465,496
-3,5,-89,58,124,60,36,466,497
3,4,-89,84,131,60,36,466,496
15,17,-89,78,132,60,35,466,496
0,17,-94,68,56,60,39,467,496
-4,4,-94,69,57,60,43,466,498
-1,3,-96,264,92,60,49,466,496
6,6,-93,77,62,60,44,468,495
27,25,-88,56,71,60,42,465,496
12,26,-87,48,85,60,43,466,496
8,14,-89,113,78,60,47,466,496
-7,11,-111,95,19,60,60,466,497
-8,9,-131,76,8,60,60,466,496
10,9,-129,80,15,60,60,467,480
4,4,-128,66,15,60,60,466,496
17,17,-125,60,24,60,60,470,508
9,25,-126,56,28,60,60,466,496
-2,18,-155,44,23,60,60,466,496
-1,5,-163,43,24,46,60,468,495
7,13,-170,45,27,60,60,466,496
18,22,-174,38,39,60,60,466,496
5,6,-174,40,42,60,60,467,495
5,-2,-168,41,42,60,60,467,496
17,-13,-126,55,47,60,60,471,502
20,-21,-63,79,53,60,60,466,496
7,-10,-33,471,70,60,60,466,496
4,1,-29,523,33,60,60,468,495
18,13,-21,123,47,60,60,466,496
26,23,-14,101,52,60,60,466,497
24,20,-7,88,46,60,58,457,492
16,12,0,60,48,60,39,467,496
7,-4,19,31,42,60,40,467,496
11,9,25,26,41,60,33,466,496
1,2,26,28,53,60,32,465,498
-14,9,-5,82,52,60,60,467,496
-4,4,-17,490,67,60,60,467,496
15,12,-10,523,75,60,60,466,497
24,19,-2,77,64,60,60,465,497
26,23,3,62,85,60,60,468,496
4,21,-10,152,91,60,60,466,497
22,18,-7,332,110,60,60,466,496
20,20,-2,159,125,60,60,466,496
3,20,-17,345,59,60,60,466,496
20,21,-18,100,36,60,60,470,507
20,16,-11,111,44,60,60,466,496
9,7,-6,337,49,60,60,466,496
6,5,-4,106,53,60,60,451,488
2,1,-1,105,54,60,60,466,496
2,2,1,174,87,60,60,466,496
10,6,7,349,58,60,60,466,496
12,7,16,91,528,60,60,466,498
11,13,16,92,66,60,60,471,507
23,23,16,190,75,60,60,466,496
31,30,19,249,85,60,60,464,475
28,27,23,190,99,60,60,467,496
24,24,26,209,114,60,60,469,505
20,22,25,80,118,60,60,466,496
21,-6,50,164,106,60,60,466,497
15,-14,97,164,89,60,60,466,496
6,-2,113,164,95,60,60,466,496
18,15,119,188,101,60,60,466,496
26,25,122,54,117,60,60,466,496
26,25,124,89,184,60,60,466,496
25,26,125,138,76,60,60,464,496
25,26,126,81,117,60,60,455,490
18,17,129,67,231,60,60,467,496
2,2,131,95,77,60,60,466,496
-3,2,128,65,228,60,60,466,496
-15,13,91,62,58,60,60,465,496
-8,4,72,66,64,60,60,467,496
4,3,74,65,63,60,60,467,496
15,18,72,57,72,60,60,465,496
19,22,70,93,81,60,60,466,496
9,9,71,90,71,60,60,466,496
-4,5,59,98,86,60,60,466,497
-3,4,53,100,73,60,60,466,496
-3,3,44,123,81,60,60,470,506
-5,4,33,245,82,60,60,466,496
3,2,34,231,82,60,60,466,496
19,19,37,81,91,60,60,466,498
25,24,40,174,94,60,60,466,496
20,18,44,158,100,60,60,466,496
13,12,46,143,85,60,60,466,496
18,19,47,99,103,60,60,466,498
26,27,47,75,120,60,60,467,496
16,19,46,110,124,60,60,458,493
2,2,47,95,154,60,60,466,496
10,8,49,103,77,60,60,466,496
22,24,51,81,76,60,60,466,497
8,9,50,91,115,60,60,466,497
7,-2,61,80,141,60,60,465,497
19,-14,107,56,528,60,60,467,497
15,-13,151,46,236,60,60,467,495
6,-5,170,63,275,60,60,466,497
2,2,171,74,528,60,60,466,496
10,8,175,61,528,60,60,464,496
21,19,-177,49,527,60,60,465,496
2,-4,-173,65,191,60,60,453,490
6,-11,-145,58,74,60,60,466,496
6,-7,-126,59,44,60,60,466,496
9,7,-120,108,79,60,60,467,496
20,18,-117,169,88,60,60,448,485
22,21,-113,101,101,60,60,466,496
19,18,-110,90,109,60,60,465,496
23,21,-106,78,64,60,60,466,496
23,22,-102,111,132,60,60,466,496
22,20,-98,116,155,60,60,466,512
20,18,-94,108,81,60,60,466,496
6,6,-92,79,98,60,60,468,495
-3,3,-97,54,58,60,60,466,496
-13,12,-128,87,367,60,60,458,493
-12,15,-166,62,219,60,60,463,512
-16,12,152,50,110,60,60,466,496
-11,9,125,60,67,60,60,465,497
-1,2,126,50,66,60,60,466,478
-1,2,128,74,68,60,60,466,496
6,6,128,50,70,60,60,449,497
9,18,123,86,85,60,60,467,496
-8,11,96,100,99,60,60,466,496
-2,5,89,119,100,60,60,465,496
-4,6,73,523,82,60,60,467,495
6,7,74,322,45,60,60,466,498
22,23,73,145,59,60,60,465,496
26,29,71,522,62,60,60,466,496
20,22,70,155,63,60,60,468,497
1,14,59,523,67,49,43,466,497
-8,6,35,144,45,60,60,468,495
-6,4,24,522,37,60,60,466,496
-7,6,12,336,37,60,60,466,496
-8,5,-9,164,44,60,60,465,496
0,3,-8,325,45,60,60,459,495
11,11,-7,84,45,60,60,466,497
24,25,-8,162,62,60,60,466,495
29,26,-8,523,91,60,60,464,499
20,-6,15,159,72,60,60,466,496
18,0,46,154,54,60,60,468,495
6,12,47,176,59,60,60,465,496
12,15,43,143,66,60,60,466,496
17,20,40,135,71,60,60,468,495
17,20,38,112,82,60,60,466,497
16,19,35,114,56,60,60,451,481
14,18,33,85,101,60,60,466,496
12,14,32,115,61,60,60,478,478
13,15,31,92,70,60,60,467,496
14,15,30,73,77,60,60,466,496
18,20,28,80,128,60,60,466,496
19,21,27,71,144,60,60,493,497
17,8,28,65,105,60,60,466,497
19,18,30,59,112,60,60,468,505
19,18,33,52,74,60,60,465,497
18,18,36,77,122,60,60,462,497
14,14,38,68,118,60,60,477,478
12,11,40,41,50,60,60,464,496
2,2,42,41,51,60,60,466,498
6,-2,52,56,50,60,60,465,497
13,-8,84,34,99,60,60,465,496
5,-1,91,31,88,60,60,466,498
9,-7,111,37,102,46,60,467,496
7,-6,135,88,113,60,60,466,511
3,-2,141,85,104,60,60,466,497
5,-2,155,52,117,60,60,466,496
9,8,158,114,124,60,60,467,495
24,19,167,128,128,60,60,465,496
25,22,173,205,81,60,60,466,499
22,20,178,193,72,60,60,467,497
25,22,-175,182,59,60,60,466,496
0,17,-179,112,276,60,60,475,509
0,4,-179,174,75,60,60,467,496
16,12,-172,167,73,60,60,465,496
23,23,-169,157,126,60,60,466,496
20,18,-165,147,75,60,60,468,496
25,23,-160,137,114,60,60,466,496
25,22,-154,85,63,60,60,467,495
27,23,-146,118,70,60,60,466,497
25,22,-140,110,81,60,60,466,496
21,19,-136,104,79,60,60,466,497
24,22,-130,110,84,60,60,466,496
26,23,-125,100,95,60,60,466,496
24,23,-121,115,94,60,60,467,496
13,20,-119,110,108,60,60,466,496
0,12,-136,73,155,60,60,468,506
16,18,-138,65,285,60,60,466,496
19,18,-135,58,64,60,60,466,496
26,23,-129,137,528,60,60,465,497
25,20,-121,89,154,60,60,470,504
24,13,-109,81,164,60,60,465,496
21,11,-92,59,92,60,60,466,497
24,22,-86,58,98,60,60,466,496
14,22,-86,41,163,60,60,465,496
6,14,-101,42,84,60,60,466,496
-6,17,-122,58,527,60,60,467,496
-9,18,-167,152,83,60,60,466,496
10,15,179,48,93,60,60,466,496
12,-3,-157,143,91,60,60,466,496
2,-3,-148,125,89,60,60,466,496
1,-2,-141,140,334,60,60,466,496
16,13,-137,83,100,60,60,466,496
27,22,-129,72,74,60,60,466,496
35,31,-121,105,372,60,60,466,496
29,28,-112,73,528,60,60,467,495
-4,11,-123,78,89,60,36,482,505
-5,7,-123,65,87,60,60,466,495
-1,9,-133,90,75,60,60,466,497
-5,8,-135,86,78,60,60,467,495
17,16,-134,80,64,60,60,467,496
6,7,-133,76,41,60,60,466,496
2,4,-134,78,80,60,60,466,496
-4,12,-157,69,30,60,60,466,497
-3,7,-165,70,30,60,60,466,496
-1,4,-170,67,33,60,60,466,496
10,10,-169,71,36,60,60,466,496
16,22,-172,64,47,60,60,465,496
-1,10,173,109,29,60,60,468,511
-5,4,164,132,25,60,60,465,497
-5,3,152,156,26,50,60,486,502
6,6,153,523,28,51,60,465,495
9,11,152,152,32,46,60,466,496
12,14,150,88,40,41,60,467,495
13,17,147,160,49,37,60,466,496
13,17,143,74,58,31,60,467,496
16,17,141,521,63,25,60,466,499
12,0,147,523,67,24,60,465,496
13,11,151,100,71,24,60,465,498
11,5,153,94,78,22,60,466,496
17,3,170,523,83,34,60,465,499
18,13,-178,118,91,46,60,466,496
19,16,-173,59,103,54,60,466,496
18,19,-171,72,111,60,60,466,496
22,22,-171,91,74,60,60,477,507
22,24,-171,115,90,60,60,466,496
22,23,-171,128,96,60,60,466,496
20,22,-171,358,61,60,60,466,496
6,18,-176,142,100,60,60,467,498
5,14,169,68,103,47,60,466,496
13,14,167,188,75,43,60,466,497
13,5,172,126,115,47,60,466,496
16,15,175,203,44,42,60,468,499
18,17,178,92,106,49,60,466,496
20,20,-179,95,63,60,60,466,496
27,26,-176,80,121,56,60,465,496
31,30,-174,68,95,53,60,466,497
32,33,-173,87,98,54,60,467,496
32,32,-171,74,75,60,60,466,496
32,33,-171,112,46,60,60,465,496
25,12,-168,145,59,60,60,466,496
25,11,-147,100,59,60,60,465,496
26,15,-129,130,47,60,60,466,495
29,24,-122,81,40,60,60,466,496
4,27,-146,85,50,60,60,465,496
19,31,-164,80,108,60,60,465,496
27,33,-171,74,131,60,60,475,506
20,21,-176,99,298,60,60,466,496
11,-5,-152,81,126,49,60,466,513
8,-6,-131,68,133,60,60,466,497
14,12,-128,63,84,60,60,466,498
29,26,-121,143,32,60,60,466,496
32,29,-115,116,63,60,60,466,496
33,30,-110,114,42,60,60,466,496
11,28,-124,107,83,56,60,465,496
4,12,-133,93,57,60,60,466,496
4,3,-133,92,59,60,60,466,496
18,19,-130,180,67,60,60,466,496
25,26,-131,108,79,60,60,465,496
26,27,-131,103,46,60,60,466,496
25,26,-132,103,47,60,60,466,496
23,26,-133,128,118,60,60,466,496
23,25,-134,80,71,60,60,465,496
22,22,-134,96,65,60,60,467,495
20,22,-135,97,81,60,60,465,496
17,19,-135,87,99,60,60,466,497
15,16,-136,80,98,60,60,465,496
16,16,-135,74,84,60,60,466,498
14,16,-135,67,75,60,60,468,496
14,14,-134,61,54,60,60,467,497
1,14,-143,60,70,60,60,466,496
0,8,-156,105,54,60,60,466,496
10,13,-158,87,64,60,60,467,495
13,15,-160,91,69,60,60,466,498
16,16,-160,95,75,60,60,466,496
17,19,-159,60,81,60,44,486,503
2,18,-175,85,83,60,60,468,495
19,22,-178,98,80,60,60,466,496
27,30,-179,327,92,60,60,467,495
30,29,-178,74,111,60,42,466,496
28,27,-175,93,135,60,60,466,496
33,32,-172,99,81,60,57,467,494
32,31,-169,63,80,60,47,466,497
31,31,-167,71,90,60,45,466,496
28,29,-164,73,108,60,38,466,496
-4,23,172,225,59,60,60,470,508
12,22,156,85,30,60,60,466,513
19,25,148,73,38,60,60,468,495
22,24,144,69,45,60,60,477,506
23,2,172,76,75,60,60,465,496
24,17,-175,69,86,60,60,466,496
24,20,-167,58,43,60,60,466,496
26,24,-163,50,67,60,60,464,510
26,26,-160,120,88,60,60,466,496
25,27,-161,104,114,60,60,466,496
25,26,-162,95,124,60,60,466,496
23,25,-163,83,53,60,60,473,510
22,23,-163,95,90,60,60,467,496
21,23,-163,88,98,60,60,466,496
22,23,-163,76,80,60,60,466,496
22,24,-163,68,85,60,60,459,494
24,25,-164,74,173,60,60,467,496
23,25,-165,76,77,60,60,455,490
25,27,-165,44,528,60,60,465,496
22,23,-165,41,111,39,60,473,480
22,7,-157,63,117,60,60,466,496
26,16,-141,76,66,60,60,467,502
28,24,-133,361,47,60,60,466,496
25,23,-128,47,65,60,60,467,495
25,25,-126,149,55,60,60,466,496
24,24,-125,114,55,60,60,458,492
22,23,-125,72,92,60,60,466,496
22,23,-124,62,113,60,60,454,490
26,27,-124,140,83,60,60,466,496
27,27,-124,86,57,60,60,467,496
28,30,-125,82,61,60,60,465,496
27,29,-126,91,73,60,60,467,506
28,31,-128,114,62,60,60,465,496
28,29,-128,100,77,60,60,476,506
25,28,-130,83,71,60,60,467,495
27,25,-128,73,90,60,60,466,496
23,6,-111,68,60,60,60,467,495
24,10,-88,63,40,60,60,465,496
30,23,-77,87,42,60,60,466,496
31,26,-68,51,45,60,52,466,496
8,27,-83,146,70,60,51,466,497
22,30,-94,86,83,60,60,464,496
28,32,-98,83,110,60,60,465,496
17,20,-100,108,203,60,60,466,496
-3,6,-110,107,50,60,60,464,496
-17,15,-151,80,15,60,60,465,496
-4,14,179,74,9,60,60,487,502
19,25,173,73,21,60,60,467,498
26,6,179,54,32,60,60,464,496
26,6,-149,59,70,60,60,467,496
29,23,-137,58,68,60,60,466,496
27,25,-133,32,73,60,60,467,496
17,22,-130,22,104,60,60,467,496
-4,16,-156,56,77,60,29,466,496
-1,5,-164,54,79,60,35,467,496
15,13,-161,53,84,60,31,466,496
9,19,-165,58,92,60,30,467,495
6,20,169,91,98,60,39,467,497
14,12,167,69,111,60,60,466,497
17,5,-170,350,57,60,55,466,496
17,16,-166,85,166,60,41,465,496
21,21,-164,76,144,60,45,470,507
23,23,-163,81,44,60,45,465,496
24,24,-161,109,94,60,43,466,496
24,25,-160,75,76,60,38,467,497
24,24,-158,67,72,60,45,465,498
25,24,-156,144,85,60,45,465,496
21,21,-155,68,93,60,33,466,496
24,25,-152,87,61,60,35,467,496
25,24,-151,101,60,60,36,467,495
21,24,-149,222,60,60,33,468,496
5,20,-167,110,74,60,60,466,496
18,20,-169,80,68,60,60,466,498
21,20,-167,103,87,60,60,468,497
23,22,-163,89,93,60,60,465,496
25,23,-158,107,77,60,60,466,496
28,25,-153,85,92,60,60,467,495
27,25,-148,118,108,60,60,466,496
28,25,-143,97,76,60,60,466,498
27,26,-138,76,74,60,60,467,496
29,26,-132,107,75,60,60,465,497
29,26,-126,94,47,60,60,465,496
30,26,-119,82,106,60,21,469,497
30,26,-113,67,54,47,60,467,497
9,15,-115,61,48,60,60,466,496
-16,10,-151,66,50,60,60,476,506
-11,6,-178,93,76,60,60,465,497
-1,2,178,97,23,60,60,470,510
0,1,179,94,78,60,60,466,496
-4,4,168,138,22,60,60,466,497
5,4,172,175,22,60,60,466,496
24,20,178,103,32,60,60,466,497
26,26,-178,92,39,60,60,465,497
23,21,-178,83,47,60,60,471,509
21,18,-171,75,56,60,60,452,483
27,22,-163,62,70,60,60,465,496
17,25,-165,56,77,60,45,470,510
9,23,169,93,79,60,43,466,498
22,31,161,95,80,60,60,465,496
28,33,156,91,96,60,60,466,496
29,28,157,102,36,60,60,470,507
30,30,160,135,107,44,60,466,496
32,31,163,77,151,60,60,466,496
33,32,167,89,94,60,60,466,496
35,32,172,67,105,60,60,466,496
32,28,179,84,40,60,60,466,496
30,26,-173,98,212,60,60,466,496
27,23,-166,99,66,60,60,466,496
30,27,-160,521,55,60,60,466,496
-5,23,173,53,52,60,60,466,496
9,25,147,35,46,60,60,467,495
17,23,139,32,60,60,60,467,496
5,8,137,49,46,60,60,467,495
1,1,138,48,46,60,60,466,497
0,0,140,48,46,60,60,466,497
0,0,141,49,47,55,60,466,496
-5,-6,143,34,49,60,60,466,497
-9,-8,143,40,44,60,60,466,496
14,-5,166,43,59,60,60,466,496
11,-4,-168,73,95,60,60,472,512
14,-12,-136,365,43,60,60,466,496
9,-15,-96,96,29,60,60,466,496
3,1,-91,89,31,60,60,466,496
17,12,-87,83,107,60,60,462,497
22,18,-79,72,41,60,60,465,497
2,20,-92,95,62,60,60,467,496
17,19,-96,64,75,60,60,466,496
1,20,-111,523,86,60,60,466,496
11,18,-126,523,128,60,60,466,496
18,18,-126,121,82,60,60,463,496
21,21,-124,439,134,60,60,466,496
20,20,-120,431,104,60,60,471,508
20,16,-115,104,527,60,60,466,497
26,23,-108,222,527,60,60,466,496
30,26,-102,87,527,60,60,467,496
32,28,-95,221,61,60,60,466,497
32,30,-91,230,77,60,60,466,498
31,28,-85,122,76,60,60,470,506
29,22,-73,189,82,60,60,466,497
31,25,-63,167,91,60,60,468,495
30,28,-56,107,114,60,60,467,496
32,30,-53,93,112,60,60,470,507
19,29,-58,86,55,60,60,467,496
4,26,-91,144,83,60,60,451,493
21,28,-99,92,76,60,60,466,496
28,29,-100,105,57,60,60,466,496
31,31,-99,84,140,60,60,466,496
31,31,-96,70,85,60,60,465,496
33,31,-92,67,103,60,60,468,495
34,31,-87,79,191,60,60,467,497
31,29,-82,58,108,60,60,466,496
10,9,-79,66,185,60,60,453,489
0,1,-77,66,259,60,60,466,496
-3,6,-87,61,251,60,60,465,496
-13,16,-123,99,87,60,60,466,496
-19,16,-176,66,28,60,60,466,496
-4,4,172,136,26,60,60,466,496
7,7,174,88,29,60,60,466,496
24,25,173,116,40,60,60,465,496
22,25,171,109,50,60,60,466,496
29,30,170,96,66,60,60,466,496
31,33,169,82,82,60,60,466,497
31,33,167,109,55,60,60,466,496
22,26,166,75,66,60,60,464,496
-8,13,139,111,90,60,60,466,498
-6,5,122,148,84,60,60,465,498
-6,5,110,259,81,60,60,466,498
-6,5,95,79,80,60,17,465,496
1,5,91,112,82,60,60,465,496
18,19,91,195,83,60,60,474,509
22,23,91,82,101,60,60,466,496
21,22,92,90,114,60,60,466,496
25,23,92,126,125,60,60,467,496
18,1,111,156,130,60,60,466,496
24,20,119,129,143,60,60,466,497
23,22,123,127,84,60,60,466,496
4,18,111,120,160,60,21,465,496
-1,3,105,58,164,60,60,466,496
16,15,108,112,108,60,60,466,496
27,26,111,98,182,60,60,468,503
17,17,112,89,330,60,60,466,496
1,3,114,88,74,60,60,466,496
0,0,115,89,192,60,60,466,496
1,2,117,88,73,60,60,466,498
6,7,118,85,75,60,60,468,497
17,16,118,79,204,60,60,465,496
14,9,122,71,101,60,60,467,496
14,-14,162,77,99,60,60,466,496
18,-24,-135,108,53,60,60,466,496
17,-25,-73,159,89,60,60,466,496
6,-10,-44,107,57,60,60,466,496
1,0,-41,109,58,60,60,466,496
15,15,-39,103,63,60,60,466,496
21,19,-35,87,73,60,60,467,496
24,23,-32,194,85,60,60,466,496
18,20,-30,184,94,60,60,465,496
3,21,-48,177,52,60,60,466,496
18,21,-51,170,114,60,60,466,496
19,21,-53,160,121,60,60,466,496
23,24,-54,149,135,60,60,466,496
22,24,-54,138,85,60,60,466,497
25,25,-54,127,161,60,60,467,496
12,25,-62,63,68,53,60,466,496
-10,18,-105,92,117,60,60,467,496
-1,4,-110,87,118,60,60,466,496
8,7,-108,84,73,60,60,468,502
23,24,-107,72,133,60,60,468,495
3,24,-125,65,109,15,60,470,512
8,21,-150,83,114,60,60,466,496
9,23,-161,79,116,60,60,466,496
-9,16,164,101,59,60,15,466,497
4,15,144,174,75,60,60,467,496
18,22,139,164,66,60,60,467,495
24,25,139,202,85,60,60,467,496
26,27,139,146,90,60,60,467,495
25,16,143,131,107,60,46,466,496
23,6,171,116,165,60,60,467,496
25,21,-178,104,176,60,60,466,497
26,25,-174,90,69,60,60,467,496
30,31,-174,77,344,60,60,466,498
29,31,-175,62,98,60,60,467,496
32,32,-175,73,130,60,60,466,480
31,32,-174,56,528,60,60,466,496
26,19,-173,71,74,60,60,466,496
14,-5,-144,74,298,60,60,477,506
4,0,-139,75,139,60,60,448,496
15,13,-135,71,313,60,60,463,496
25,25,-133,62,527,60,60,466,497
27,28,-134,48,337,60,60,459,496
30,31,-133,66,451,38,60,466,497
23,22,-129,114,101,27,60,469,510
29,15,-125,127,528,43,60,466,496
23,13,-103,86,65,60,60,466,496
8,7,-100,91,42,60,60,466,496
5,5,-100,107,56,60,60,468,496
20,23,-103,69,78,60,60,466,495
14,28,-109,87,75,60,60,466,496
-1,14,-129,90,117,60,60,467,496
2,4,-130,84,80,60,60,466,496
19,21,-131,73,64,60,60,465,496
28,29,-133,57,140,60,60,466,498
28,13,-127,56,92,60,60,466,496
20,-14,-76,46,25,60,60,466,496
7,-3,-57,43,22,60,60,466,513
14,13,-55,44,29,60,60,466,498
26,26,-52,46,41,60,60,461,496
12,12,-51,39,48,60,60,466,496
2,2,-50,31,49,60,60,466,498
0,0,-48,36,49,60,60,477,505
-1,-1,-47,38,49,60,60,466,496
-13,-14,-44,36,42,60,60,466,497
-6,-8,-41,39,38,60,60,469,504
15,-9,-7,34,45,60,60,466,497
19,-20,50,86,41,60,60,467,496
7,-9,78,523,86,60,60,468,496
11,6,86,72,100,60,60,467,496
22,17,97,112,48,60,60,465,496
4,14,93,119,53,60,60,466,496
19,20,92,523,50,60,60,467,496
2,15,82,465,51,60,60,466,496
-1,1,80,523,50,60,60,466,496
-5,4,71,78,55,60,60,467,497
-15,11,37,56,45,60,60,465,496
-2,2,32,62,46,60,60,471,508
-1,1,34,62,48,60,60,468,495
11,9,35,51,51,60,60,466,496
15,15,36,61,48,60,60,471,509
9,7,37,67,63,60,60,466,496
17,18,38,56,53,60,60,468,506
5,5,39,43,55,60,60,466,496
0,1,41,43,57,60,60,466,497
3,-1,44,83,67,60,60,472,499
14,-5,73,44,60,60,60,467,496
12,-8,105,522,63,60,60,467,496
1,1,108,522,64,60,60,467,495
8,10,107,87,53,60,60,465,497
23,22,110,85,67,60,60,466,496
25,20,119,97,65,60,60,466,496
25,18,131,166,58,60,60,467,496
20,17,141,321,40,60,60,466,498
4,13,132,168,77,60,60,468,497
15,18,132,333,73,60,60,466,496
19,19,131,523,64,60,60,466,496
16,17,131,216,73,60,60,466,496
27,27,132,330,333,60,60,471,480
26,25,136,177,84,60,60,464,496
31,29,141,341,72,60,60,466,496
31,30,144,522,58,60,60,465,497
32,30,148,272,68,60,60,466,497
30,29,152,181,75,60,60,466,496
-2,20,131,218,120,60,60,453,489
1,2,132,183,126,60,60,466,496
2,2,133,97,127,60,60,466,498
8,7,135,102,72,60,60,476,482
25,23,140,339,142,60,60,466,496
9,8,144,193,147,60,60,467,496
2,0,146,212,137,60,60,463,496
0,0,148,189,88,60,60,466,496
