0,0,-162,120,140,23,0,468,496
0,0,-162,79,80,24,0,467,496
0,0,-162,77,81,24,0,466,498
0,0,-162,127,80,24,60,468,496
0,1,-162,79,80,24,0,467,497
1,0,-162,130,80,24,0,467,497
0,0,-162,208,80,23,0,466,517
1,1,-162,136,80,22,0,469,496
3,4,-164,76,83,23,0,468,498
8,11,-167,147,87,23,0,469,496
14,16,-171,193,93,23,0,467,497
18,21,-175,151,78,24,0,467,497
22,21,-175,174,114,25,0,467,497
25,18,-165,91,124,23,60,469,497
29,23,-156,79,198,22,0,467,498
30,25,-148,103,84,24,60,467,497
33,26,-139,119,53,15,0,467,498
34,28,-130,105,86,23,60,499,498
32,26,-121,96,262,25,0,467,498
16,21,-116,89,527,23,0,467,497
-12,14,-155,82,251,23,0,479,508
-4,4,-171,83,71,23,60,470,506
0,0,-171,83,70,24,0,474,511
12,12,-171,78,270,23,0,470,496
24,26,-173,66,105,24,0,465,497
32,31,-172,51,82,23,0,468,496
32,31,-171,36,133,23,60,477,509
25,25,-170,27,86,22,0,468,497
20,18,-168,153,85,23,60,467,496
3,3,-168,62,85,22,0,469,497
0,0,-168,151,84,19,0,467,497
0,1,-169,152,84,23,0,467,497
-6,9,174,154,527,23,60,467,497
-16,16,128,101,66,23,60,467,497
-13,12,86,109,120,23,0,467,498
2,0,86,69,113,23,0,471,504
11,-8,117,94,67,22,12,467,496
3,-2,124,96,100,24,0,467,497
-3,5,113,95,66,23,0,467,496
2,2,112,94,68,23,0,474,497
20,20,112,85,76,23,60,467,497
23,23,112,74,44,23,60,467,497
28,28,112,63,59,22,60,467,497
9,10,111,56,62,23,0,467,498
4,4,111,54,64,23,60,467,497
20,21,111,57,73,24,0,469,496
20,20,110,49,84,23,0,468,499
4,4,110,61,86,23,60,467,497
9,9,110,75,93,23,0,467,498
13,14,109,70,102,22,0,467,497
2,2,109,41,99,24,0,467,497
-5,7,93,37,56,23,60,467,498
-5,7,75,45,190,23,60,467,497
-5,7,60,44,148,24,0,467,498
-7,7,40,83,53,23,0,499,484
0,0,39,82,53,22,60,467,497
0,0,39,82,53,23,0,467,497
1,1,39,82,54,23,0,467,497
11,13,38,61,59,23,0,487,503
14,25,31,76,26,16,0,467,498
2,15,5,270,31,23,0,468,497
1,2,1,121,77,23,0,467,497
15,16,0,524,38,23,0,468,498
22,25,-2,124,37,23,60,466,497
31,32,-7,524,52,23,0,467,497
29,31,-8,120,50,22,0,467,497
31,32,-9,285,66,23,0,467,497
29,20,-8,258,80,23,0,467,496
24,4,19,62,101,23,0,467,496
25,20,27,136,108,22,60,467,497
23,6,34,226,121,23,60,467,497
20,-5,73,68,174,23,0,467,500
22,11,92,58,187,22,0,466,498
25,18,102,47,120,22,60,486,508
25,21,107,75,87,22,0,467,497
9,9,108,45,91,22,0,481,506
2,2,108,44,46,22,0,467,496
15,15,109,33,190,23,0,468,497
16,17,107,29,108,23,60,467,496
2,4,104,90,97,23,0,467,496
-4,11,85,39,117,22,0,467,497
-5,6,65,30,133,23,0,468,496
0,0,65,30,144,23,0,467,497
-2,2,62,60,94,23,0,475,514
-9,7,37,52,138,23,0,468,497
-1,1,35,53,78,23,0,467,496
3,3,35,52,69,23,0,468,497
0,12,18,75,37,19,0,467,498
-1,2,12,175,49,23,0,467,496
0,2,13,78,41,25,0,467,497
6,6,13,219,37,23,0,467,497
17,19,10,210,37,24,60,467,497
20,23,6,197,50,23,0,468,497
22,24,1,83,55,25,0,467,498
22,24,-1,170,44,23,0,468,497
20,23,-3,167,50,22,0,468,497
19,16,-4,159,63,23,0,468,497
14,-2,18,143,82,23,60,467,497
16,8,30,137,212,24,60,467,497
18,15,36,129,221,23,0,469,503
20,17,39,209,231,23,60,467,497
19,20,38,101,106,23,0,467,497
20,22,35,97,67,23,0,467,496
22,24,32,87,295,21,0,452,488
20,23,29,77,89,21,0,467,497
21,23,26,66,82,20,0,467,497
6,6,24,64,68,21,0,467,497
-9,9,2,69,46,23,0,468,497
-17,11,-41,104,33,22,43,467,498
2,6,-50,107,70,23,60,469,497
16,18,-53,154,72,23,60,452,497
20,20,-53,111,67,23,0,467,496
11,9,-51,107,63,24,0,469,498
9,9,-50,136,44,23,0,467,498
21,18,-47,140,52,23,0,468,497
3,16,-53,167,56,23,0,468,496
-1,3,-61,62,62,23,0,466,497
10,7,-54,74,60,23,0,467,497
11,12,-55,95,65,23,60,468,497
16,15,-54,89,74,23,60,468,497
22,21,-53,101,85,23,60,466,498
24,23,-51,89,99,22,60,467,497
22,22,-51,87,152,23,60,472,497
22,22,-52,89,128,17,60,469,496
7,8,-52,87,125,23,60,468,497
-4,5,-65,85,123,23,60,467,497
0,1,-65,86,124,23,60,468,498
4,3,-65,84,125,23,60,471,500
18,19,-65,75,89,23,60,467,498
28,28,-64,63,529,23,60,467,497
24,23,-64,51,74,18,60,467,497
26,27,-64,38,117,24,60,467,497
18,19,-65,30,90,23,60,467,500
2,2,-66,29,90,22,0,461,498
0,0,-66,29,125,23,60,467,496
-9,7,-84,74,65,15,60,468,496
-10,7,-111,76,43,21,60,467,499
1,4,-112,77,45,23,60,477,512
11,13,-114,76,42,22,60,467,497
7,8,-117,109,45,23,60,467,499
-4,3,-124,109,44,23,57,468,497
-9,7,-148,118,38,22,0,469,497
0,1,-149,120,39,23,60,469,496
6,7,-151,125,43,23,60,468,496
17,21,-157,151,52,24,0,468,496
21,25,-163,524,65,23,0,467,499
21,23,-167,166,74,22,0,468,497
22,25,-170,102,87,22,0,469,497
25,26,-172,89,88,23,0,468,497
26,27,-174,95,106,23,0,468,497
33,31,-171,523,71,23,0,467,496
31,29,-167,339,89,23,0,467,498
34,32,-163,324,156,23,0,467,498
34,31,-159,114,68,23,0,469,496
37,34,-155,90,189,23,0,466,498
37,33,-151,125,85,23,0,468,497
38,35,-146,96,88,23,0,467,497
37,33,-140,91,108,23,60,468,497
38,34,-135,79,96,23,60,468,515
38,34,-130,73,280,23,0,467,497
22,29,-126,62,299,23,0,467,498
7,23,-148,185,93,22,22,467,496
22,17,-151,174,100,23,0,469,496
15,-4,-124,110,247,22,0,473,515
6,6,-122,119,528,23,0,468,497
13,15,-127,110,260,23,60,479,479
5,5,-127,109,332,23,60,469,498
17,17,-128,154,98,23,60,467,497
7,24,-141,147,129,22,20,468,497
13,24,-157,129,53,23,0,468,497
25,20,-166,86,64,23,0,467,497
16,-12,-161,106,66,14,60,469,498
9,-2,-147,103,116,23,0,481,509
11,5,-146,105,384,22,0,470,496
25,25,-146,85,82,23,0,467,497
11,11,-147,60,84,22,0,467,497
9,9,-147,76,96,23,0,468,496
14,15,-147,76,93,23,0,468,499
27,27,-148,65,55,22,0,469,496
8,29,-153,51,67,22,0,469,495
-8,22,165,46,49,22,10,469,497
-18,18,108,80,64,22,0,469,497
-5,4,95,79,57,22,0,469,496
0,-1,95,59,41,22,0,467,497
2,-1,100,89,65,18,0,467,497
1,-1,103,136,64,16,60,467,497
1,1,103,523,65,16,0,467,500
13,15,100,108,49,16,0,468,497
23,25,96,95,71,15,60,467,497
24,10,97,80,82,13,20,467,497
19,4,123,113,76,20,0,470,496
20,18,126,95,72,19,0,467,497
20,21,125,60,71,22,0,468,499
26,27,124,287,86,22,0,468,499
22,23,122,84,101,18,0,467,499
27,29,120,102,109,22,0,467,497
27,29,116,84,75,19,60,467,497
27,29,112,75,86,16,0,469,496
25,29,108,78,90,16,0,467,497
26,28,106,119,105,13,0,468,496
22,2,117,113,120,15,0,469,496
24,15,130,119,90,22,0,467,497
20,17,136,92,64,22,0,467,497
18,22,140,72,226,23,60,472,513
5,18,125,96,68,23,0,493,498
13,19,117,87,65,23,0,467,499
18,24,109,78,73,24,0,467,496
17,9,107,86,65,23,60,467,499
2,16,100,62,85,23,60,467,497
3,14,77,39,79,22,60,469,497
1,2,73,56,70,22,0,467,497
3,3,74,57,56,21,0,467,498
2,3,73,43,57,22,0,467,497
2,-1,76,56,71,21,0,467,496
2,-1,80,40,74,23,0,467,499
6,-2,92,53,90,20,60,467,503
2,-1,96,49,79,19,60,467,497
10,-5,116,53,95,22,60,469,502
5,-2,128,96,108,23,0,467,496
5,6,127,94,112,23,0,468,500
21,20,128,58,35,22,0,467,497
30,27,131,122,45,23,0,470,519
31,30,134,122,50,22,60,467,497
31,31,134,89,63,22,27,467,499
-2,28,122,311,85,23,60,468,497
-2,11,98,74,68,22,60,467,497
-2,2,94,76,69,23,60,467,499
-5,4,79,80,70,22,0,467,499
0,0,79,79,53,23,0,468,496
0,0,79,80,65,22,0,469,497
0,0,79,79,65,22,0,468,497
7,-6,95,98,71,23,60,468,498
12,-11,131,102,74,22,60,467,497
5,0,139,79,60,23,60,467,497
10,10,141,80,70,23,60,467,496
-3,2,131,101,83,23,60,467,497
-1,1,130,90,83,23,60,469,497
0,4,124,113,97,22,60,469,498
-1,3,118,239,89,22,60,467,497
0,1,116,71,113,23,60,470,496
14,12,118,283,61,23,60,469,497
21,21,118,112,70,23,60,468,497
25,25,117,65,77,22,60,468,497
27,27,117,164,48,22,60,468,496
28,29,117,81,103,25,60,467,497
25,25,116,92,76,22,60,467,497
31,31,115,82,346,22,60,468,497
26,28,114,82,60,22,60,467,497
26,26,113,81,97,24,60,467,497
23,8,114,76,81,23,60,467,498
23,13,116,80,348,22,60,452,490
16,9,121,77,100,19,60,468,497
17,14,124,144,108,19,60,467,496
18,16,127,63,72,22,60,468,497
20,17,130,79,98,21,60,467,497
18,17,133,118,65,22,60,467,497
18,18,134,107,69,22,60,467,496
-1,16,119,103,54,17,60,468,497
-18,13,75,39,43,22,0,468,497
-18,13,27,48,32,11,60,467,497
-4,2,18,44,32,22,47,467,497
0,0,18,41,32,22,44,467,497
0,0,18,42,32,22,49,468,497
0,0,19,42,32,23,56,468,496
3,-5,29,39,31,23,0,468,497
9,-11,58,75,34,22,0,472,506
4,-6,72,62,39,22,0,468,497
5,-3,82,106,41,23,0,468,498
4,-4,97,107,66,23,60,468,497
8,7,98,103,82,22,60,468,497
21,18,101,70,68,23,0,465,498
24,23,103,81,115,20,60,468,497
25,23,106,70,95,21,0,466,497
15,15,107,63,96,22,0,468,497
3,1,106,63,90,22,0,467,496
-4,3,98,64,80,22,60,456,498
-14,7,67,91,50,22,60,469,496
-9,3,48,77,40,25,0,467,500
5,5,47,77,45,23,0,467,498
13,14,47,107,52,22,60,467,497
21,21,46,125,62,22,0,467,496
24,23,47,116,73,22,60,467,497
26,25,48,81,74,22,60,479,504
27,27,49,90,77,22,60,467,497
1,22,26,105,81,22,60,469,497
16,22,16,86,97,24,60,469,496
16,0,26,99,36,22,60,467,499
14,7,38,121,104,21,60,467,497
7,6,39,129,95,22,60,467,497
21,19,41,72,110,21,60,474,513
26,25,43,106,59,22,60,468,497
25,25,43,96,52,22,60,467,497
24,25,41,85,64,22,60,467,496
1,7,35,76,88,22,60,468,498
-11,12,4,65,87,21,0,468,497
-13,10,-33,51,35,19,0,467,497
-2,1,-33,50,32,22,0,469,496
0,2,-31,83,31,21,0,468,496
2,-1,-28,47,33,23,0,468,499
8,-3,-12,63,53,22,0,468,498
11,-10,18,61,84,22,60,468,498
2,-3,23,109,104,22,60,475,513
0,0,23,136,116,23,60,468,497
2,-1,29,70,77,22,60,468,496
1,0,28,70,77,23,60,467,496
13,13,29,94,79,22,60,468,497
20,19,31,107,82,23,60,469,498
22,21,34,112,58,22,60,469,496
22,20,38,79,79,22,60,467,498
20,17,40,82,92,22,60,467,497
21,19,44,69,91,22,60,469,497
-5,14,32,72,145,22,60,469,497
7,11,25,67,97,23,60,473,497
10,12,23,71,112,22,60,467,497
22,22,21,71,85,22,60,467,496
28,28,23,45,75,22,60,467,498
30,29,24,64,64,22,0,491,505
33,31,27,67,84,22,60,468,498
35,33,29,91,107,22,60,468,497
34,33,32,74,159,22,60,468,497
35,33,34,108,87,22,60,468,498
35,35,36,90,90,22,60,466,497
38,36,37,101,98,22,60,467,497
35,36,36,82,40,22,60,467,498
30,32,34,104,57,22,60,467,497
34,37,30,92,96,22,60,467,498
36,37,28,89,61,22,60,467,498
37,37,27,127,83,22,60,468,496
36,36,28,86,93,22,60,469,496
37,37,28,77,55,22,60,470,498
38,37,28,83,74,22,60,468,497
32,32,29,63,90,22,60,467,497
35,34,30,76,45,21,60,479,508
27,27,31,106,57,22,60,468,496
3,4,31,105,59,22,60,467,497
-1,0,30,104,69,22,60,467,497
-11,6,6,67,85,22,60,468,497
-17,13,-37,37,33,21,0,467,497
-3,3,-41,84,33,21,0,468,497
0,1,-42,52,33,20,0,467,499
0,0,-41,61,33,22,0,467,497
0,0,-41,53,33,24,0,469,496
9,8,-41,36,37,22,0,470,496
15,15,-41,83,44,19,60,467,498
3,2,-41,54,45,22,0,467,496
0,0,-41,82,45,23,60,467,497
4,-4,-32,44,49,22,60,468,496
13,-15,6,78,62,21,43,469,497
3,-9,27,104,404,22,60,470,518
3,2,27,94,84,19,0,468,497
17,16,31,92,81,24,0,474,514
19,19,32,149,77,22,0,468,498
20,20,32,81,70,23,60,468,498
18,17,32,69,38,22,60,467,497
18,19,31,59,46,21,0,467,499
20,21,30,49,118,22,0,472,506
24,25,28,39,529,20,0,467,497
21,22,27,88,74,19,0,468,497
20,21,25,81,55,21,0,468,497
21,22,24,69,96,19,0,467,497
5,5,23,63,98,20,0,467,498
2,-1,27,65,63,19,37,468,497
14,-12,60,71,35,17,60,467,497
5,-7,82,77,32,21,60,468,496
1,1,83,75,31,20,60,467,497
13,10,87,97,28,19,60,467,497
23,19,92,144,28,16,60,468,497
18,17,95,126,33,21,58,468,501
-6,10,73,56,41,18,60,468,497
-16,15,30,52,530,19,0,468,497
-1,1,23,52,155,18,60,467,502
0,0,23,54,91,18,60,467,497
-1,1,22,51,110,19,60,468,497
-4,6,8,62,81,22,60,467,498
-11,12,-26,65,47,13,60,469,497
-1,3,-33,67,28,15,60,468,497
14,17,-37,68,35,18,60,467,497
21,24,-41,77,45,21,60,456,496
10,11,-43,74,51,23,60,467,497
7,7,-44,88,57,22,60,467,497
8,10,-46,61,61,21,60,468,497
12,13,-47,79,65,22,60,467,497
17,18,-50,71,75,21,60,468,497
16,19,-53,80,84,22,60,468,499
11,13,-55,86,89,22,60,468,496
10,10,-56,72,94,21,60,467,497
7,8,-58,103,48,21,60,466,497
6,7,-59,106,83,21,60,467,500
8,8,-60,116,47,22,60,468,496
0,0,-60,116,48,22,60,468,498
0,0,-60,116,47,22,60,470,496
0,0,-60,116,47,22,60,469,499
0,0,-60,118,47,22,60,466,499
1,1,-60,118,85,21,60,468,497
4,5,-60,81,86,22,60,467,497
13,13,-61,58,90,22,60,487,504
18,18,-61,87,74,22,60,467,498
21,19,-59,84,46,22,60,454,490
19,8,-50,91,129,22,60,468,499
13,-2,-26,48,34,22,45,467,499
17,15,-23,49,31,22,37,467,497
21,22,-23,45,42,22,29,469,496
19,20,-25,34,46,22,20,467,499
-4,4,-33,35,54,22,22,468,497
-17,8,-70,71,45,10,60,467,497
0,5,-81,89,57,22,60,467,498
13,15,-84,73,65,22,0,468,496
21,21,-86,68,32,22,0,469,498
24,24,-85,49,41,21,0,467,497
16,16,-84,47,44,22,0,468,497
4,-3,-79,48,49,22,0,468,496
4,-11,-58,173,47,21,60,467,497
5,4,-57,79,80,22,60,467,499
17,15,-55,250,53,22,60,468,497
22,20,-52,240,82,22,60,474,508
24,22,-50,185,52,22,60,467,497
11,11,-49,95,53,22,56,467,497
-1,2,-53,89,100,21,60,467,497
8,9,-55,66,53,22,60,468,498
18,19,-56,71,85,22,60,467,497
22,22,-57,83,100,21,60,467,497
22,23,-57,67,65,22,60,469,497
25,24,-56,175,93,22,60,468,497
25,24,-55,66,83,21,60,467,497
21,20,-55,130,66,22,60,467,498
4,-1,-48,93,81,22,55,467,497
11,-16,-12,43,31,22,36,470,496
8,-18,28,27,36,15,43,467,498
8,5,33,24,36,14,43,487,504
21,20,34,16,96,12,23,467,500
17,17,30,9,31,7,9,462,496
2,1,29,9,32,8,11,467,497
2,0,29,9,32,9,10,467,496
0,0,29,9,32,9,10,467,517
0,0,29,9,32,9,10,467,497
-1,0,29,9,32,9,11,474,511
-12,-11,29,15,54,10,12,468,499
-12,-12,27,20,46,15,28,469,496
-9,3,13,23,45,16,27,467,499
-19,11,-29,66,46,15,38,467,498
-17,10,-74,147,47,12,0,467,502
8,11,-82,65,113,22,0,469,496
16,8,-71,148,56,22,0,467,498
19,9,-57,87,156,22,60,455,486
19,16,-51,79,100,22,60,468,496
18,16,-47,70,60,22,54,469,497
-6,13,-72,122,77,21,0,468,497
10,17,-84,118,58,22,0,467,497
22,23,-86,100,76,22,0,467,498
27,27,-85,95,59,22,0,467,497
29,30,-87,81,76,12,60,463,499
25,28,-90,75,93,21,60,467,497
16,29,-101,76,55,23,60,467,497
-7,5,-116,90,46,21,60,467,498
-2,5,-114,100,41,22,60,467,497
7,5,-111,98,50,22,60,468,497
5,3,-107,94,51,19,60,467,497
11,6,-99,63,72,22,0,469,499
15,13,-92,64,109,23,0,467,498
-11,8,-117,88,55,22,0,467,497
-12,6,-146,132,54,21,27,469,497
7,7,-147,523,55,21,60,467,498
19,20,-148,524,63,22,0,467,498
20,20,-149,111,68,22,0,493,504
26,27,-149,78,87,22,0,467,498
34,33,-149,523,104,22,60,467,497
30,28,-145,67,109,21,0,467,497
30,27,-140,149,76,22,0,467,497
-2,13,-158,88,107,22,0,467,498
-8,12,170,64,58,21,60,467,501
-2,11,153,45,43,23,0,467,498
-4,6,144,86,49,21,0,467,514
-3,1,148,41,45,22,60,467,496
-1,1,147,45,46,22,0,467,497
0,0,147,45,46,23,60,467,497
14,17,143,45,52,22,0,467,496
12,16,137,57,56,21,60,466,499
7,11,130,68,60,22,57,467,497
1,6,123,47,62,22,0,470,496
2,2,119,349,62,22,57,468,497
-2,0,117,42,63,25,0,467,497
-8,-6,115,47,58,22,60,469,496
-16,-11,107,60,53,22,0,467,499
-3,0,105,63,53,22,0,468,497
6,-2,115,58,52,22,60,467,497
9,-3,133,41,54,22,60,467,497
2,-1,139,51,55,22,56,467,497
0,0,138,49,55,21,52,467,498
6,10,133,54,58,22,60,467,498
17,3,136,37,66,21,60,467,497
-4,-5,135,64,65,22,34,466,498
-19,-13,128,40,57,22,60,467,499
-4,-14,130,88,51,21,60,467,498
1,-2,136,38,50,22,60,466,497
0,0,136,39,51,22,60,467,499
0,0,136,39,51,20,60,467,498
2,-3,136,40,50,22,60,467,497
0,0,136,40,50,20,0,467,497
2,0,133,40,51,22,60,496,502
12,16,129,62,59,22,60,467,497
6,19,109,47,65,22,0,467,497
-14,-9,103,406,62,22,0,467,498
-25,-18,92,113,54,22,60,467,498
-28,-4,73,54,60,21,60,467,497
-21,0,43,92,102,21,60,468,496
-23,0,8,91,53,17,0,467,497
-24,0,-24,60,38,15,0,469,497
-18,0,-50,63,52,17,60,467,498
-11,1,-65,64,36,22,60,467,498
-1,7,-74,64,81,13,60,466,499
0,15,-94,71,28,22,60,467,497
3,21,-120,74,43,22,60,466,498
5,11,-129,100,43,22,60,468,498
9,9,-128,97,43,22,0,467,497
19,19,-128,84,43,22,0,467,499
30,29,-128,90,223,22,0,467,500
31,30,-126,71,61,22,0,467,497
34,31,-122,109,68,22,0,467,497
37,32,-115,523,63,22,0,469,497
30,27,-110,523,72,22,0,469,495
31,28,-107,523,87,22,0,459,482
30,28,-102,81,84,21,0,467,497
34,29,-97,291,70,22,0,466,497
28,24,-90,71,67,22,0,467,497
34,32,-86,523,89,22,0,467,500
29,28,-85,200,74,22,60,473,510
13,28,-105,137,86,22,60,467,498
11,28,-132,72,89,21,0,466,497
27,34,-141,143,88,22,0,466,497
27,26,-141,230,117,21,0,467,497
30,28,-139,217,57,22,0,467,504
25,25,-139,200,146,22,0,467,497
24,24,-140,80,100,22,0,469,497
21,-8,-106,179,105,22,0,468,496
14,-19,-53,97,59,52,0,467,497
2,-6,-41,133,77,30,0,469,497
7,1,-32,133,80,28,0,469,498
19,12,-23,127,93,25,0,467,499
25,22,-19,164,110,25,60,466,497
29,29,-18,165,463,25,60,467,497
28,28,-16,97,97,24,0,467,497
6,12,-21,90,156,24,60,467,497
-10,11,-48,60,117,24,37,467,498
-21,17,-98,137,529,25,0,469,497
-20,17,-151,219,106,25,60,479,506
-2,2,-157,181,67,24,0,466,498
1,6,-163,98,80,25,0,467,497
-9,16,159,524,79,24,0,468,497
10,19,143,141,83,26,0,467,498
24,26,137,115,84,26,0,473,503
28,30,135,102,68,26,60,467,497
32,33,134,79,108,27,0,477,480
35,36,132,73,143,25,0,466,498
23,25,130,53,117,25,0,469,495
6,7,129,51,116,26,0,467,496
10,-3,142,50,114,25,0,467,496
19,-13,-173,88,147,26,0,468,497
21,-23,-110,245,55,14,60,466,498
13,-21,-54,179,32,28,0,463,496
2,-7,-44,224,34,28,0,467,497
2,-4,-33,227,34,28,60,467,497
11,10,-32,222,50,27,0,466,497
22,20,-29,213,49,26,0,468,497
27,24,-26,82,61,26,60,467,498
16,25,-27,192,71,26,0,466,499
-1,19,-60,139,73,21,60,467,496
16,22,-70,132,80,26,0,472,511
21,24,-74,120,90,26,60,467,513
28,30,-76,108,100,26,0,467,498
32,33,-78,72,112,26,0,467,498
30,30,-79,77,137,25,60,467,498
6,6,-80,94,133,26,60,480,510
